richard thompson 251 {28281857, 70423043, 17416715, 18557454, 25293838, 64178201, 177185, 20160546, 25123, 42934306, 31022117, 34964517, 47009330, 567350, 8387139, 169540, 15466054, 8617544, 55146568, 376393, 26630223, 12000337, 202835, 18344535, 6144603, 7948894, 24049759, 10956388, 32260709, 12263016, 18435181, 37201518, 128113, 46297714, 161395, 2934907, 8195196, 32812669, 37655164, 49976445, 62147710, 292988, 52257413, 80521, 2927753, 12723854, 46747, 5431452, 60995227, 21672094, 2452638, 65916072, 26329260, 52318380, 4764846, 8803504, 546994, 6216377, 9959098, 37429442, 62080196, 947909, 4362950, 43929798, 49031878, 7097042, 24432852, 11017429, 40448213, 7863511, 43232989, 866020, 8484584, 862954, 2584300, 18145006, 602862, 12743920, 2935535, 25173746, 30965, 17739510, 42601208, 46386427, 18985212, 54959868, 239871, 47835905, 288008, 28435724, 754446, 393488, 11217169, 2927891, 11594010, 10784028, 10680095, 4076320, 4524834, 8838946, 2761506, 32778533, 4419366, 4701990, 11470124, 18557230, 15927092, 37791541, 41205557, 8371513, 28866363, 10958140, 12518718, 5595455, 9901376, 2604352, 43535174, 5948231, 913738, 9400652, 21782349, 27718476, 4194639, 10573135, 55706958, 57928528, 70122316, 202579, 5217110, 47472986, 47599963, 8678237, 2934621, 96607, 15447908, 4717414, 31816038, 173929, 33152876, 43373, 4334958, 32637296, 6731123, 185210, 54247804, 19285373, 5165952, 8974208, 21137795, 377219, 18891654, 17977735, 5259656, 14144905, 40388999, 26477451, 46507913, 34191, 612245, 8513950, 24181150, 592798, 766368, 15986595, 18557347, 2224039, 10549673, 649129, 2928042, 46692270, 38559669, 97206, 509880, 7708608, 23083460, 2933703, 189384, 11765195, 46814161, 485843, 63283160, 42979801, 20111323, 5880289, 430053, 8020455, 65243628, 7724525, 940525, 40043503, 5595120, 49226737, 583156, 5995510, 23676406, 21337082, 14389756, 7165, 15428607}
scott macdonald 38 {22040328, 4453753, 65675018, 25058187, 216328, 45160590, 592785, 2182673, 52080279, 26370074, 8470566, 53696553, 10861231, 4057267, 52021, 30937014, 31157306, 22714170, 76348, 31322428, 40636350, 59850453, 25053529, 20841305, 4925660, 60367457, 73447, 516327, 5358570, 8629753, 58767739, 7955325, 2549118}
peter foster 24 {45519494, 67885320, 29657227, 25342989, 25260434, 23505559, 52665505, 2656804, 41330858, 19836971, 149678, 11586359, 11146303, 11236927, 2581698, 13365727, 10605663, 5556712, 470378, 636916, 11055486, 11073663}
peter chung 19 {13042464, 48497476, 67196841, 34242954, 31362159, 29675503, 53776303, 5122994, 4554392, 52761273, 2444093, 217599}
edward rhodes 18 {11037570, 18096580, 44255652, 44367174, 44020391, 60060133, 44261929, 22198730, 25459594, 44366793, 44366987, 43840528, 5854545, 38710547, 10850484, 4046933, 36707741}
william wagner 12 {57820932, 34781033, 74349, 43989518, 8911855, 37289683, 39364148, 20093494, 12693783, 2378076, 35522910}
clifford johnson 10 {46642181, 41115561, 13081135, 24592208, 46348335, 46735792, 59765682, 186805, 20570330, 31599998}
andrew newman 9 {12312387, 53812486, 33054892, 17710127, 418706, 23121141, 7007957, 41952505}
robert wu 4 {10828770, 5971674, 16709386, 25964287}
kenneth phillips 2 {123468, 48123829}
nan yu 2 {52440317, 60366495}
nicholas warner 2 {396286, 63827495}
daniel lidar 1 {9448373}
jack feinberg 1 {15453790}
kris pardo 1 {25881839}
anthony levi 1 {26250151}
amber miller 1 {33428300}
stephen cronin 1 {39361299}
paolo zanardi 1 {49337958}
andrey vilesov 1 {66229612}
todd brun 1 {66760128}
